scores_svm_acc:
0.901857
0.863354
0.748428
0.922449
0.889571
0.909605
0.757869
0.932258
0.615607
0.883890
0.884393
0.950413
0.940150
0.945000
0.572874
0.873596
scores_svm_mcc:
0.528493
0.409145
0.160290
0.296296
0.431868
0.535297
0.335082
0.620989
0.228355
0.410113
0.418330
0.582907
0.249875
0.458142
0.300108
0.428749
scores_svm_f1:
0.519481
0.410714
0.183673
0.173913
0.437500
0.555556
0.295775
0.618182
0.184049
0.384615
0.393939
0.608696
0.200000
0.421053
0.644182
0.430380
scores_svm_auc:
0.886760
0.818212
0.660389
0.960905
0.817932
0.844981
0.830881
0.914722
0.768750
0.846995
0.850189
0.803519
0.772222
0.874359
0.625023
0.826483
scores_svm_precision:
0.370370
0.280488
0.109756
0.095238
0.311111
0.434783
0.176471
0.472222
0.102041
0.252525
0.260000
0.583333
0.120000
0.285714
0.492268
0.298246
scores_svm_recall:
0.869565
0.766667
0.562500
1.000000
0.736842
0.769231
0.913043
0.894737
0.937500
0.806452
0.812500
0.636364
0.600000
0.800000
0.931707
0.772727
scores_xgb_acc:
0.864721
0.855072
0.716981
0.877551
0.822086
0.861582
0.707022
0.922581
0.523121
0.917271
0.921965
0.906336
0.852868
0.925000
0.540486
0.848315
scores_xgb_auc:
0.907639
0.860486
0.643833
0.938272
0.880850
0.801360
0.803958
0.860373
0.750000
0.910579
0.929356
0.801320
0.826768
0.815385
0.544173
0.813010
scores_xgb_mcc:
0.496427
0.443145
0.138677
0.234060
0.423997
0.416333
0.294506
0.546267
0.210235
0.525678
0.557985
0.449540
0.200588
0.353120
0.087093
0.387884
scores_xgb_f1:
0.463158
0.426230
0.166667
0.117647
0.382979
0.436782
0.257669
0.555556
0.162437
0.495575
0.526316
0.468750
0.119403
0.318182
0.505447
0.386364
scores_xgb_precision:
0.305556
0.282609
0.097826
0.062500
0.240000
0.311475
0.150000
0.428571
0.088398
0.341463
0.365854
0.357143
0.064516
0.205882
0.456693
0.257576
scores_xgb_recall:
0.956522
0.866667
0.562500
1.000000
0.947368
0.730769
0.913043
0.789474
1.000000
0.903226
0.937500
0.681818
0.800000
0.700000
0.565854
0.772727
scores_rf_acc:
0.912467
0.865424
0.647799
0.979592
0.858896
0.932203
0.656174
0.951613
0.497110
0.824383
0.841040
0.944904
0.990025
0.972500
0.566802
0.893258
scores_rf_auc:
0.790776
0.710375
0.607409
0.493827
0.653523
0.697819
0.756577
0.703653
0.736364
0.800471
0.797727
0.566716
0.698737
0.547436
0.608490
0.752041
scores_rf_mcc:
0.451970
0.293799
0.097919
-0.010101
0.212580
0.447026
0.241841
0.506461
0.199521
0.311251
0.324043
0.304978
0.511847
0.171678
0.239901
0.376268
scores_rf_f1:
0.476190
0.329897
0.138462
0.000000
0.258065
0.478261
0.219780
0.516129
0.155340
0.284024
0.303797
0.230769
0.500000
0.153846
0.620567
0.406250
scores_rf_precision:
0.375000
0.238806
0.078947
0.000000
0.186047
0.550000
0.125786
0.666667
0.084211
0.173913
0.190476
0.750000
0.666667
0.333333
0.487465
0.309524
