scores_mlp_acc:
0.907162
0.670807
0.801887
0.926531
0.880368
0.850282
0.874092
0.938710
0.473988
0.770682
0.734104
0.947658
0.952618
0.902500
0.625506
0.738764
scores_mlp_auc:
0.848931
0.793377
0.688535
0.467078
0.788359
0.830675
0.871962
0.868964
0.724242
0.833832
0.801136
0.823314
0.778535
0.852564
0.646612
0.775857
scores_mlp_mcc:
0.501092
0.291321
0.204394
-0.023980
0.388108
0.435520
0.457321
0.598683
0.190371
0.313365
0.275858
0.588019
0.283965
0.348401
0.294812
0.289739
scores_mlp_f1:
0.507042
0.260465
0.222222
0.000000
0.400000
0.442105
0.434783
0.612245
0.149533
0.261682
0.233333
0.612245
0.240000
0.290909
0.630739
0.279070
scores_mlp_precision:
0.375000
0.151351
0.138462
0.000000
0.282609
0.304348
0.289855
0.500000
0.080808
0.153005
0.134615
0.555556
0.150000
0.177778
0.533784
0.168224
scores_mlp_recall:
0.782609
0.933333
0.562500
0.000000
0.684211
0.807692
0.869565
0.789474
1.000000
0.903226
0.875000
0.681818
0.600000
0.800000
0.770732
0.818182
scores_svm_acc:
0.891247
0.842650
0.754717
0.910204
0.886503
0.906780
0.767554
0.929032
0.526012
0.841800
0.893064
0.950413
0.940150
0.935000
0.601215
0.870787
scores_svm_mcc:
0.525300
0.377609
0.107138
0.275298
0.475483
0.528090
0.343811
0.611119
0.186383
0.360615
0.434877
0.601044
0.249875
0.424973
0.284426
0.445391
scores_svm_f1:
0.506024
0.377049
0.152174
0.153846
0.463768
0.547945
0.304348
0.607143
0.154639
0.322981
0.412698
0.625000
0.200000
0.380952
0.634508
0.439024
scores_svm_auc:
0.901437
0.807174
0.604512
0.954733
0.865678
0.843457
0.836009
0.913004
0.721780
0.840327
0.854735
0.824780
0.772222
0.869231
0.635066
0.846217
scores_svm_precision:
0.350000
0.250000
0.092105
0.083333
0.320000
0.425532
0.182609
0.459459
0.084270
0.200000
0.276596
0.576923
0.120000
0.250000
0.511976
0.300000
scores_svm_recall:
0.913043
0.766667
0.437500
1.000000
0.842105
0.769231
0.913043
0.894737
0.937500
0.838710
0.812500
0.681818
0.600000
0.800000
0.834146
0.818182
scores_xgb_acc:
0.877984
0.850932
0.720126
0.893878
0.895706
0.915254
0.767554
0.948387
0.676301
0.866473
0.890173
0.955923
0.937656
0.952500
0.615385
0.873596
scores_xgb_auc:
0.894375
0.827152
0.645488
0.946502
0.845877
0.865736
0.836009
0.923313
0.770833
0.899353
0.912689
0.870235
0.869697
0.926923
0.609604
0.847714
scores_xgb_mcc:
0.499771
0.405576
0.140731
0.252559
0.469827
0.567502
0.343811
0.676912
0.237226
0.437996
0.485059
0.662208
0.321940
0.531344
0.217223
0.450331
scores_xgb_f1:
0.477273
0.400000
0.168224
0.133333
0.468750
0.583333
0.304348
0.680000
0.200000
0.386667
0.441176
0.680000
0.242424
0.486486
0.553991
0.444444
scores_xgb_precision:
0.323077
0.266667
0.098901
0.071429
0.333333
0.456522
0.182609
0.548387
0.112903
0.243697
0.288462
0.607143
0.142857
0.333333
0.533937
0.305085
scores_xgb_recall:
0.913043
0.800000
0.562500
1.000000
0.789474
0.807692
0.913043
0.894737
0.875000
0.935484
0.937500
0.772727
0.800000
0.900000
0.575610
0.818182
scores_nb_acc:
0.655172
0.494824
0.811321
0.991837
0.883436
0.782486
0.588378
0.883871
0.765896
0.387518
0.710983
0.752066
0.773067
0.735000
0.493927
0.797753
scores_nb_auc:
0.450504
0.450552
0.427152
0.500000
0.469055
0.493082
0.413824
0.470790
0.401515
0.448794
0.372727
0.421554
0.391414
0.669231
0.459718
0.594992
scores_nb_mcc:
-0.051214
-0.047744
-0.092238
0.000000
-0.061889
-0.009685
-0.081422
-0.061549
-0.105903
-0.043605
-0.124679
-0.094887
-0.058713
0.119025
-0.086165
0.117714
scores_nb_f1:
0.071429
0.089552
0.000000
0.000000
0.000000
0.094118
0.055556
0.000000
0.000000
0.070485
0.000000
0.021739
0.000000
0.101695
0.297753
0.181818
scores_nb_precision:
0.042735
0.050420
0.000000
0.000000
0.000000
0.067797
0.031847
0.000000
0.000000
0.037825
0.000000
0.014286
0.000000
0.055556
0.350993
0.121212
scores_nb_recall:
0.217391
0.400000
0.000000
0.000000
0.000000
0.153846
0.217391
0.000000
0.000000
0.516129
0.000000
0.045455
0.000000
0.600000
0.258537
0.363636
scores_rf_acc:
0.891247
0.853002
0.628931
0.959184
0.868098
0.940678
0.682809
0.951613
0.497110
0.834543
0.838150
0.953168
0.977556
0.975000
0.574899
0.876404
scores_rf_auc:
0.820130
0.781567
0.597475
0.483539
0.757158
0.773218
0.791137
0.728251
0.736364
0.805790
0.796212
0.634897
0.692424
0.694872
0.608321
0.743059
scores_rf_mcc:
0.444405
0.360291
0.087915
-0.016668
0.340042
0.556409
0.277652
0.527298
0.199521
0.323068
0.320432
0.468110
0.305408
0.434634
0.228480
0.342713
scores_rf_f1:
0.453333
0.371681
0.132353
0.000000
0.358209
0.588235
0.242775
0.545455
0.155340
0.296296
0.300000
0.413793
0.307692
0.444444
0.611111
0.371429
scores_rf_precision:
0.326923
0.253012
0.075000
0.000000
0.250000
0.600000
0.140000
0.642857
0.084211
0.183206
0.187500
0.857143
0.250000
0.500000
0.492537
0.270833
