scores_svm_fs_acc:
0.941645
0.939959
0.946541
0.008163
0.941718
0.926554
0.351090
0.938710
0.953757
0.955007
0.566474
0.834711
0.678304
0.975000
0.534413
0.941011
scores_svm_fs_mcc:
0.202322
0.176997
-0.012928
0.000000
0.000000
0.000000
0.094254
0.000000
0.000000
0.000000
0.179508
0.276341
0.112584
0.000000
0.186219
0.502007
scores_svm_fs_f1:
0.083333
0.064516
0.000000
0.016194
0.000000
0.000000
0.129870
0.000000
0.000000
0.000000
0.157303
0.302326
0.058394
0.000000
0.603448
0.533333
scores_svm_fs_auc:
0.521739
0.516667
0.498344
0.500000
0.500000
0.500000
0.595039
0.500000
0.500000
0.500000
0.713258
0.720674
0.738384
0.500000
0.580809
0.756260
scores_svm_fs_precision:
1.000000
1.000000
0.000000
0.008163
0.000000
0.000000
0.070175
0.000000
0.000000
0.000000
0.086420
0.203125
0.030303
0.000000
0.466667
0.521739
scores_svm_fs_recall:
0.043478
0.033333
0.000000
1.000000
0.000000
0.000000
0.869565
0.000000
0.000000
0.000000
0.875000
0.590909
0.800000
0.000000
0.853659
0.545455
scores_xgb_fs_acc:
0.058355
0.066253
0.066038
0.102041
0.058282
0.073446
0.779661
0.832258
0.046243
0.087083
0.650289
0.958678
0.980050
0.935000
0.566802
0.193820
scores_xgb_fs_auc:
0.478261
0.502208
0.508278
0.299383
0.500000
0.500000
0.821962
0.812263
0.500000
0.475929
0.667992
0.829179
0.496212
0.820513
0.604237
0.421747
scores_xgb_fs_mcc:
-0.202322
0.016594
0.029092
-0.119271
0.000000
0.000000
0.336023
0.372267
0.000000
-0.045446
0.146390
0.644833
-0.009756
0.379967
0.224674
-0.100009
scores_xgb_fs_f1:
0.110276
0.117417
0.097264
0.009009
0.110145
0.136842
0.305344
0.365854
0.088398
0.081752
0.153846
0.666667
0.000000
0.350000
0.612319
0.094637
scores_xgb_fs_precision:
0.058511
0.062370
0.051118
0.004545
0.058282
0.073446
0.185185
0.238095
0.046243
0.042813
0.086614
0.652174
0.000000
0.233333
0.487032
0.050847
scores_xgb_fs_recall:
0.956522
1.000000
1.000000
0.500000
1.000000
1.000000
0.869565
0.789474
1.000000
0.903226
0.687500
0.681818
0.000000
0.700000
0.824390
0.681818
scores_rf_fs_acc:
0.564987
0.900621
0.059748
0.955102
0.843558
0.940678
0.694915
0.951613
0.052023
0.841800
0.849711
0.947658
0.977556
0.975000
0.548583
0.896067
scores_rf_fs_auc:
0.666728
0.729139
0.504967
0.729424
0.620693
0.737805
0.695262
0.703653
0.503030
0.809589
0.802273
0.589443
0.692424
0.694872
0.544004
0.732308
scores_rf_fs_mcc:
0.159920
0.363086
0.022463
0.199380
0.162442
0.525222
0.190921
0.506461
0.016790
0.332024
0.335341
0.366216
0.305408
0.434634
0.086932
0.358193
scores_rf_fs_f1:
0.180000
0.400000
0.096677
0.153846
0.215385
0.553191
0.202532
0.516129
0.088889
0.305732
0.315789
0.296296
0.307692
0.444444
0.487356
0.393443
scores_rf_fs_precision:
0.101695
0.320000
0.050794
0.090909
0.152174
0.619048
0.118519
0.666667
0.046512
0.190476
0.200000
0.800000
0.250000
0.500000
0.460870
0.307692
