0.3803
0.2853
0.2889
0.4258
0.2828
0.27940000000000004
0.25370000000000004
0.41090000000000004
0.5208
0.41869999999999996
0.7076000000000001
0.52
0.7872
0.3962
0.3064
0.3503
0.4608
0.26670000000000005
0.5751
0.36840000000000006
0.359
0.6611
0.3887
0.45880000000000004
0.3925
0.45189999999999997
0.6315999999999999
0.3039
0.6691
0.636
0.5977
0.4676
0.42210000000000003
0.4963
0.43
0.47380000000000005
0.5749000000000001
0.4622
0.5103
0.5574
0.2511
0.39780000000000004
0.3038
0.6426999999999999
0.2995
0.3008
0.2899
0.30770000000000003
0.35240000000000005
0.5326
0.5768
0.6451000000000001
0.5617
0.4854
0.49810000000000004
0.30670000000000003
0.65
0.5472
0.5207
0.37310000000000004
0.5497
0.5842
0.5
0.44020000000000004
0.617
0.6752
0.3515
0.6289
0.5573
0.6870999999999999
0.5061
0.5912
0.4167
0.35590000000000005
0.48240000000000005
0.2741
0.4286
0.5319
0.4087
0.4133
0.3061
0.5617
0.5633
0.2743
0.32630000000000003
0.4068
0.33390000000000003
0.3489
0.2799
0.5
0.264
0.3454
0.3146
0.45659999999999995
0.4521
0.37670000000000003
0.4353
0.2702
0.5521
0.4305
0.3045
0.4286
0.47869999999999996
0.3592
0.4416
0.3918
0.2822
0.3898
0.452
0.594
0.2867
0.2857
0.4251
0.2994
0.5455
0.7219
0.3354
0.33270000000000005
0.25989999999999996
0.5145000000000001
0.4672
0.5397
0.7137000000000001
0.2605
0.4254
0.6191
0.3306
0.255
0.6298
0.3533
0.3688
0.5574
0.396
0.5023
0.5531
0.5197
0.25579999999999997
0.5217
0.5721
0.6114
0.2923
0.2699
0.5173
0.5106
0.4855
0.5246999999999999
0.4512
0.3106
0.4222
0.3121
0.399
0.4532
0.5789
0.58
0.317
0.3882
0.4413
0.6067
0.6528
0.6198
0.4349
0.7404999999999999
0.7384999999999999
0.5915
0.6064
0.5667
0.5603
0.6620999999999999
0.7197
0.5678
0.6313000000000001
0.6846
0.7869
0.7348
0.5505
0.8279000000000001
0.5632
0.49229999999999996
0.7574
0.5972
0.6075
0.7717
0.7651000000000001
0.4892
0.452
0.6466
0.5758
0.2917
0.7619
0.7576
0.2787
0.4255
0.5373
0.5803
0.5979
0.326
0.5505
0.5955
0.5471
0.46530000000000005
0.7746
0.8205
0.7591
0.3726
0.3034
0.4054
0.5467000000000001
0.2755
0.6244
0.6212
0.6083
0.5963
0.4514
0.4929
0.5972
0.297
0.2545
0.4337
0.2805
0.5224
0.3396
0.30829999999999996
0.2721
0.5753
0.3814
0.46640000000000004
0.3186
0.419
0.5389
0.3346
0.6864
0.5517000000000001
0.2975
0.46630000000000005
0.5455
0.5793
0.5103
0.26670000000000005
0.31320000000000003
0.5619
0.5551
0.3836
0.4286
0.5491
0.4338
0.3995
0.479
0.3186
0.5172
0.5408
0.6462000000000001
0.2823
0.2918
0.5846
0.2965
0.5706
0.4056
0.4516
0.306
0.2626
0.3009
0.5692
0.4036
0.2892
0.547
0.38530000000000003
0.5528000000000001
0.6246
0.5261
0.2543
0.4172
0.5903
0.275
0.2803
0.37939999999999996
0.433
0.2671
0.6088
0.6593000000000001
0.5115999999999999
0.5588000000000001
0.4913
0.314
0.3023
0.3258
0.5952000000000001
0.6753
0.3396
0.6509
0.3043
0.6053000000000001
0.4968
0.29410000000000003
0.5939
0.3106
0.4222
0.35479999999999995
0.28300000000000003
0.6489
0.3958
0.8140999999999999
0.4953
0.38380000000000003
0.5114
0.5714
0.6117
0.4274
0.5775
0.3711
0.32560000000000006
0.6419
0.3627
0.7876000000000001
0.4228
0.42600000000000005
0.5660000000000001
0.5676
0.5088
0.4182
0.47270000000000006
0.47000000000000003
0.5579999999999999
0.2774
0.6806
0.72
0.4144
0.44689999999999996
0.2857
0.36729999999999996
0.5281
0.3116
0.2782
0.2506
0.659
0.7903
0.7931
0.3611
0.254
0.4241
0.445
0.6123
0.29600000000000004
0.2859
0.3369
0.40700000000000003
0.43710000000000004
0.4294
0.5819
0.5811000000000001
0.45049999999999996
0.5926
0.3029
0.6327
0.5644
0.6983
0.35479999999999995
0.4222
0.3106
0.43340000000000006
0.2672
0.5663
0.6623
0.6496
0.2607
0.2561
0.43560000000000004
0.6801
0.2926
0.4343
0.35380000000000006
0.5989
0.3385
0.42729999999999996
0.36210000000000003
0.6371
0.3239
0.4965
0.3803
0.2853
0.2889
0.4258
0.2816
0.5769
0.2831
0.4086
0.5208
0.41380000000000006
0.7076000000000001
0.52
0.7872
0.3962
0.30350000000000005
0.3473
0.4215
0.27140000000000003
0.5751
0.3505
0.35990000000000005
0.6587000000000001
0.3922
0.46130000000000004
0.3832
0.4461
0.6315999999999999
0.3039
0.6619
0.636
0.6034
0.46399999999999997
0.41880000000000006
0.4925
0.43
0.47380000000000005
0.5749000000000001
0.4622
0.5124000000000001
0.5574
0.3895
0.3038
0.64
0.48360000000000003
0.31670000000000004
0.3103
0.30770000000000003
0.39780000000000004
0.5292
0.5797
0.643
0.5617
0.4781
0.4962
0.30670000000000003
0.6333
0.5445000000000001
0.517
0.3694
0.5497
0.5816
0.4783
0.44020000000000004
0.6106
0.6803
0.3465
0.6256
0.26530000000000004
0.5421
0.684
0.5034000000000001
0.6007
0.3929
0.36960000000000004
0.4706
0.2727
0.419
0.5266
0.41270000000000007
0.402
0.5587
0.56
0.2686
0.3241
0.4068
0.33549999999999996
0.3489
0.2841
0.5
0.261
0.4919
0.3104
0.455
0.45890000000000003
0.37670000000000003
0.44170000000000004
0.281
0.5952000000000001
0.2909
0.6818000000000001
0.3396
0.6531999999999999
0.6055
0.4919
0.29410000000000003
0.5939
0.2867
0.42240000000000005
0.2994
0.5344
0.7219
0.3354
0.329
0.2528
0.5145000000000001
0.4708
0.5374
0.7115
0.2605
0.2824
0.4279
0.6207
0.3258
0.255
0.6298
0.3368
0.36210000000000003
0.5540999999999999
0.396
0.5023
0.5475
0.5197
0.4855
0.5693
0.6168
0.35710000000000003
0.2647
0.2762
0.27340000000000003
0.5173
0.5106
0.48729999999999996
0.5265
0.4482
0.31980000000000003
0.39380000000000004
0.45990000000000003
0.5789
0.5752
0.317
0.3961
0.4413
0.5948
0.6491
0.6198
0.44380000000000003
0.7404999999999999
0.7384999999999999
0.5915
0.6064
0.5667
0.5603
0.6620999999999999
0.7261
0.5678
0.6369
0.6692
0.7869
0.7348
0.5505
0.8279000000000001
0.5632
0.44930000000000003
0.7574
0.5972
0.6075
0.7717
0.758
0.4892
0.434
0.6391
0.5758
0.7619
0.7576
0.2822
0.4255
0.5373
0.5803
0.2523
0.5943
0.3128
0.5452
0.5955
0.5471
0.4631
0.7717
0.8140999999999999
0.7591
0.3685
0.30510000000000004
0.2812
0.6244
0.6204
0.6083
0.5901
0.4514
0.48210000000000003
0.5922999999999999
0.2961
0.2545
0.3068
0.2851
0.5265
0.34259999999999996
0.30829999999999996
0.27649999999999997
0.3929
0.5719
0.3814
0.4636
0.3153
0.419
0.5389
0.3383
0.6864
0.55
0.2975
0.46630000000000005
0.5432
0.5772
0.5023
0.26670000000000005
0.3261
0.5619
0.5468999999999999
0.3836
0.4388
0.5444
0.4201
0.39670000000000005
0.4789
0.3186
0.5345000000000001
0.5408
0.6462000000000001
0.2846
0.29309999999999997
0.5846
0.2959
0.5706
0.41240000000000004
0.4462
0.3118
0.2697
0.2948
0.5615
0.4036
0.2857
0.5442
0.37920000000000004
0.5551
0.6246
0.5236999999999999
0.2543
0.43310000000000004
0.5903
0.2845
0.3068
0.37939999999999996
0.43270000000000003
0.26030000000000003
0.6088
0.6484000000000001
0.48840000000000006
0.5588000000000001
0.4805
0.3058
0.3063
0.3125
0.3412
0.5521
0.43729999999999997
0.28250000000000003
0.4286
0.4894
0.3592
0.4416
0.3933
0.2695
0.2873
0.4496
0.594
0.6489
0.4
0.8140999999999999
0.5047
0.3676
0.5049
0.5623
0.6117
0.4274
0.5775
0.3774
0.33140000000000003
0.6419
0.3668
0.7876000000000001
0.4189
0.4275
0.5649000000000001
0.5676
0.5044
0.4277
0.4662
0.47619999999999996
0.5461
0.2774
0.6875
0.72
0.4178
0.4497
0.2886
0.36729999999999996
0.5281
0.2977
0.2862
0.659
0.7903
0.7931
0.3611
0.3307
0.4177
0.4425
0.2662
0.6123
0.29600000000000004
0.29309999999999997
0.35450000000000004
0.4032
0.43710000000000004
0.4294
0.5819
0.5721
0.6007
0.3019
0.6391
0.5668
0.7039
0.65
0.4403
0.2672
0.5783
0.6623
0.6496
0.2606
0.25980000000000003
0.43560000000000004
0.6840999999999999
0.3
0.4343
0.35380000000000006
0.6025
0.413
0.4054
0.369
0.6386000000000001
0.3088
0.48950000000000005
0.3398
0.3036
0.4167
0.4227
0.3846
0.5084000000000001
0.5714
0.413
0.48869999999999997
0.49460000000000004
0.2892
0.48460000000000003
0.6301
0.4618
0.519
0.354
0.5
0.3103
0.305
0.6351
0.37670000000000003
0.757
0.5595
0.5175
0.2631
0.36810000000000004
0.508
0.3398
0.44670000000000004
0.30219999999999997
0.5563
0.3113
0.604
0.2741
0.53
0.37840000000000007
0.4673
0.4681
0.64
0.533
0.36229999999999996
0.28690000000000004
0.3403
0.5842
0.5928
0.257
0.5468999999999999
0.3644
0.5615
0.4529
0.37590000000000007
0.44770000000000004
0.6026
0.7258
0.7304
0.6076
0.5616
0.4892
0.5065999999999999
0.4241
0.6016
0.6019
0.6099
0.493
0.5085000000000001
0.5907
0.5962
0.5351
0.40390000000000004
0.5854
0.5714
0.5561
0.6496
0.5671
0.3063
0.41630000000000006
0.3579
0.3521
0.6197
0.5333
0.3862
0.5133
0.4115
0.5257000000000001
0.30820000000000003
0.3
0.271
0.2901
0.7143
0.7654000000000001
0.4732
0.3153
0.38670000000000004
0.4222
0.5409
0.40909999999999996
0.5072
0.32799999999999996
0.5749000000000001
0.4158
0.40659999999999996
0.5118
0.6038
0.4556
0.34450000000000003
0.6825
0.7014
0.3786
0.5108
0.6435
0.29059999999999997
0.37670000000000003
0.2828
0.6034
0.5702
0.4414
0.6803
0.6818000000000001
0.7027
0.5
0.5766
0.4341
0.5477000000000001
0.6548999999999999
0.5662
0.5172
0.6425
0.6277
0.7705
0.6944
0.4587
0.7541
0.6282
0.5
0.7391
0.684
0.5905
0.7692
0.7651000000000001
0.5267000000000001
0.4964
0.6406999999999999
0.5979
0.6055
0.44880000000000003
0.3019
0.4917
0.46399999999999997
0.5594
0.564
0.3382
0.2536
0.8045
0.59
0.289
0.3097
0.3012
0.5579
0.4953
0.3156
0.5788000000000001
0.5055
0.617
0.3175
0.4932
0.39770000000000005
0.4429
0.5435
0.2571
0.5716
0.2933
0.6181
0.3563
0.3131
0.4897
0.34759999999999996
0.3401
0.4465
0.44630000000000003
0.45310000000000006
0.35369999999999996
0.4362
0.3762
0.2735
0.2525
0.32020000000000004
0.25980000000000003
0.45
0.37070000000000003
0.4918
0.4193
0.4497
0.6642
0.5988
0.31
0.5483
0.27
0.267
0.6383
0.49350000000000005
0.3135
0.44880000000000003
0.49119999999999997
0.4213
0.3575
0.47869999999999996
0.44939999999999997
0.37460000000000004
0.3799
0.5708
0.5035000000000001
0.5683
0.31
0.5
0.7609
0.569
0.396
0.4518
0.2751
0.4105
0.4316
0.5618
0.604
0.2529
0.4336
0.456
0.6907
0.5405
0.4497
0.4112
0.44439999999999996
0.6047
0.3912
0.6252000000000001
0.2949
0.3812
0.2569
0.6432
0.6470999999999999
0.4111
0.6047
0.47270000000000006
0.5172
0.5749000000000001
0.3931
0.7127
0.3789
0.6648999999999999
0.32909999999999995
0.5
0.7495999999999999
0.7179000000000001
0.7518000000000001
0.3897
0.6071
0.6042000000000001
0.3521
0.6337
0.39049999999999996
0.2908
0.5682
0.4643
0.452
0.48950000000000005
0.3043
0.3226
0.4118
0.3929
0.271
0.313
0.5545
0.5718
0.2892
0.3385
0.596
0.6667000000000001
0.39490000000000003
0.3937
0.32299999999999995
0.4515
0.268
0.29550000000000004
0.36719999999999997
0.4576
0.6093999999999999
0.4964
0.3398
0.4601
0.48950000000000005
0.5963
0.6042000000000001
0.5025999999999999
0.41869999999999996
0.3854
0.37840000000000007
0.32880000000000004
0.6961
0.3036
0.5321
0.34380000000000005
0.6204999999999999
0.4203
0.2745
0.2879
0.2731
0.45740000000000003
0.4683
0.4251
0.3055
0.5028
0.4316
0.6086
0.6389
0.4447
0.3433
0.304
0.33780000000000004
0.6741
0.3089
0.3876
0.4118
0.44939999999999997
0.4429
0.2846
0.3934
0.4633
0.5417000000000001
0.30770000000000003
0.3924
0.5
0.4313
0.4301
0.3029
0.2511
0.3059
0.4366
0.5839
0.5395000000000001
0.5315
0.46280000000000004
0.49
0.4782
0.4397
0.5247999999999999
0.4853
0.3123
0.5128
0.311
0.4314
0.5992000000000001
0.4065
0.7199
0.25870000000000004
0.8047
0.7000000000000001
0.6807
0.4286
0.37840000000000007
0.3246
0.34990000000000004
0.3
0.4022
0.4783
0.34259999999999996
0.554
0.3156
0.3778
0.44689999999999996
0.3156
0.2909
0.6004
0.4507
0.3519
0.4554
0.5655
0.34850000000000003
0.317
0.4086
0.4972
0.3523
0.2845
0.29300000000000004
0.7353000000000001
0.6818000000000001
0.6813
0.7247
0.26539999999999997
0.4711
0.2863
0.2705
0.4586
0.4696
0.4318
0.4
0.3833
0.3125
0.4033
0.583
0.3971
0.3763
0.4907
0.5365
0.41850000000000004
0.4575
0.3726
0.44799999999999995
0.5525
0.34759999999999996
0.39490000000000003
0.4081
0.48210000000000003
0.561
0.5236999999999999
0.3618
0.41000000000000003
0.35240000000000005
0.32630000000000003
0.3864
0.499
0.3987
0.30770000000000003
0.2979
0.27030000000000004
0.5
0.506
0.3739
0.36590000000000006
0.26739999999999997
0.3884
0.4608
0.6047
0.47950000000000004
0.276
0.25739999999999996
0.3056
0.30920000000000003
0.5972999999999999
0.35619999999999996
0.44020000000000004
0.461
0.4851
0.3772
0.3489
0.25120000000000003
0.41270000000000007
0.2721
0.5577000000000001
0.3821
0.4675
0.5221
0.43829999999999997
0.4685
0.29460000000000003
0.2895
0.48450000000000004
0.337
0.6452
0.37200000000000005
0.29510000000000003
0.3194
0.2868
0.2646
0.344
0.28
0.4266
0.5406000000000001
0.26670000000000005
0.49770000000000003
0.3039
0.3546
0.4173
0.33039999999999997
0.5196000000000001
0.3566
0.45780000000000004
0.38
0.28940000000000005
0.5
0.3152
0.503
0.2671
0.277
0.3121
0.4362
0.3518
0.5305
0.4021
0.2575
0.27899999999999997
0.2736
0.46049999999999996
0.4891
0.3975
0.27890000000000004
0.5540999999999999
0.5909000000000001
0.2626
0.3084
0.525
0.49420000000000003
0.369
0.2636
0.3407
0.5385
0.5205
0.5435
0.4742
0.3068
0.3908
0.469
0.38420000000000004
0.3029
0.2554
0.3543
0.3814
0.4019
0.4865
0.48460000000000003
0.3182
0.3836
0.5306000000000001
0.5493
0.29760000000000003
0.38630000000000003
0.33990000000000004
0.3703
0.4169
0.4222
0.2967
0.40850000000000003
0.5277000000000001
0.5496
0.4476
0.2828
0.3722
0.42710000000000004
0.5149
0.4955
0.4314
0.562
0.6333
0.6486
0.4412
0.41369999999999996
0.37060000000000004
0.3886
0.5034000000000001
0.4975
0.4483
0.5389
0.5703
0.7377
0.5899
0.45630000000000004
0.6639
0.5714
0.5128
0.635
0.467
0.5229
0.7033
0.6583
0.4396
0.3883
0.5475
0.4314
0.3579
0.3774
0.4156
0.3934
0.3014
0.3908
0.3011
0.5517000000000001
0.3454
0.5349
0.46340000000000003
0.28750000000000003
0.2676
0.4955
0.35159999999999997
0.36210000000000003
0.2973
0.2918
0.3009
0.5109
0.4061
0.2622
0.3429
0.365
0.46280000000000004
0.40890000000000004
0.4833
0.46049999999999996
0.5
0.2746
0.2741
0.3049
0.3592
0.6905
0.455
0.4421
0.5392
0.48210000000000003
0.4523
0.3729
0.3031
0.4214
0.3563
0.4203
0.4257
0.41409999999999997
0.3247
0.2661
0.39490000000000003
0.6053000000000001
0.5079
0.48240000000000005
0.3579
0.41409999999999997
0.49119999999999997
0.42110000000000003
0.5637
0.3653
0.3895
0.47020000000000006
0.3116
0.3073
0.2868
0.4491
0.2874
0.31760000000000005
0.35369999999999996
0.3786
0.4324
0.451
0.3483
0.42460000000000003
0.3563
0.4446
0.3113
0.4133
0.3576
0.4046
0.3443
0.3049
0.29910000000000003
0.2638
0.4806
0.3879
0.3889
0.3454
0.4581
0.3651
0.41590000000000005
0.2787
0.256
0.2681
0.3105
0.4414
0.4484
0.30670000000000003
0.28600000000000003
0.381
0.46659999999999996
0.5576
0.3367
0.3264
0.46
0.3429
0.33640000000000003
0.4615
0.4217
0.27530000000000004
0.5044
0.3373
0.2536
0.35000000000000003
0.32909999999999995
0.31620000000000004
0.642
0.3829
0.5518
0.2806
0.2656
0.2874
0.30770000000000003
0.49920000000000003
0.46909999999999996
0.5316
0.5817
0.3014
0.6894
0.728
0.2827
0.37420000000000003
0.4672
0.4489
0.40630000000000005
0.5562
0.6287
0.5489
0.3636
0.6487999999999999
0.5926
0.5563
0.5354
0.5242
0.523
0.5367000000000001
0.36229999999999996
0.42369999999999997
0.29410000000000003
0.409
0.43520000000000003
0.4073
0.4583
0.4866
0.4857
0.7384999999999999
0.5789
0.5263
0.7402
0.8022
0.6147
0.6635
0.7356999999999999
0.5424
0.5714
0.7951
0.5619
0.7273000000000001
0.6591
0.6089
0.4167
0.6667000000000001
0.6319
0.5445000000000001
0.4292
0.5502
0.4559
0.6912
0.6279
0.4299
0.6667000000000001
0.3947
0.4286
0.4274
0.6667000000000001
0.2846
0.3012
0.4644
0.4449
0.5660000000000001
0.3582
0.4362
0.3908
0.3601
0.41380000000000006
0.2808
0.3533
0.3529
0.6106
0.40659999999999996
0.29050000000000004
0.7591
0.7244
0.7691
0.435
0.5468999999999999
0.37079999999999996
0.35810000000000003
0.277
0.4559
0.43090000000000006
0.6628000000000001
0.4974
0.27690000000000003
0.6239
0.45670000000000005
0.40380000000000005
0.3322
0.6133
0.37729999999999997
0.44070000000000004
0.649
0.2644
0.42229999999999995
0.3274
0.4648
0.4718
0.4315
0.5286
0.2616
0.5544
0.4148
0.38420000000000004
0.4368
0.5677000000000001
0.4625
0.6685
0.5523
0.2851
0.40130000000000005
0.38799999999999996
0.6043000000000001
0.33909999999999996
0.2676
0.2836
0.3793
0.5703
0.5893
0.35009999999999997
0.2917
0.2546
0.6905
0.25730000000000003
0.5607
0.5294
0.3493
0.4841
0.4203
0.3682
0.39390000000000003
0.4811
0.3111
0.3393
0.3736
0.38310000000000005
0.5774
0.5347
0.4712
0.3533
0.3184
0.284
0.5539000000000001
0.4554
0.5972
0.3611
0.4108
0.3761
0.5256000000000001
0.2833
0.8131
0.5247999999999999
0.2755
0.5058
0.5598
0.5517000000000001
0.5907
0.3009
0.5323
0.46409999999999996
0.3011
0.5147999999999999
0.2975
0.4458
0.4208
0.3891
0.3716
0.5362
0.5827
0.6528
0.505
0.4093
0.2707
0.7204
0.31829999999999997
0.6282
0.2913
0.5
0.3651
0.44780000000000003
0.5779
0.6018
0.5884
0.337
0.5543
0.61
0.6033
0.5820000000000001
0.4817
0.5082
0.7672
0.6563
0.445
0.41340000000000005
0.2591
0.47270000000000006
0.6854000000000001
0.4053
0.5749000000000001
0.459
0.6111
0.3333
0.3276
0.6812
0.76
0.7754000000000001
0.5599000000000001
0.4276
0.45799999999999996
0.3136
0.3444
0.30770000000000003
0.6364
0.3519
0.4337
0.568
0.6206
0.4485
0.556
0.5
0.3592
0.5864
0.5751
0.5404
0.5385
0.4804
0.75
0.6566
0.2634
0.7000000000000001
0.5971000000000001
0.7073999999999999
0.6950000000000001
0.3972
0.3594
0.27690000000000003
0.32
0.5385
0.2783
0.5882000000000001
0.5185000000000001
0.5982000000000001
0.29309999999999997
0.3223
0.4241
0.3675
0.4
0.29960000000000003
0.3592
0.4672
0.4146
0.3458
0.2924
0.47850000000000004
0.7026000000000001
0.2939
0.46890000000000004
0.5175
0.5071
0.6697
0.28440000000000004
0.4104
0.48590000000000005
0.5
0.3676
0.4416
0.5285
0.2812
0.5604
0.594
0.5552
0.4396
0.37340000000000007
0.6177
0.2718
0.25129999999999997
0.4924
0.4857
0.6359
0.3008
0.2821
0.6933
0.5306000000000001
0.5322
0.32880000000000004
0.2787
0.2874
0.4043
0.7881999999999999
0.2936
0.538
0.32049999999999995
0.6292
0.3013
0.3382
0.3254
0.6004
0.561
0.3293
0.3009
0.52
0.6347
0.6468
0.4571
0.34600000000000003
0.375
0.4086
0.5263
0.34700000000000003
0.3429
0.5562
0.3431
0.5651
0.5860000000000001
0.30460000000000004
0.44189999999999996
0.5458
0.6923
0.6865000000000001
0.3641
0.4094
0.5536
0.38670000000000004
0.5505
0.2705
0.8240999999999999
0.5393
0.4336
0.6319
0.619
0.3106
0.589
0.4175
0.6157
0.4448
0.511
0.38070000000000004
0.6275000000000001
0.5764
0.5354
0.603
0.48310000000000003
0.5329
0.7651000000000001
0.7935
0.6239
0.6776000000000001
0.773
0.65
0.6591
0.7541
0.514
0.7415999999999999
0.8361000000000001
0.6537999999999999
0.6333
0.5339
0.758
0.669
0.5644
0.4657
0.5737
0.6389
0.8378
0.75
0.7540000000000001
0.4107
0.6167
0.3699
0.3169
0.5098
0.6736
0.3514
0.2808
0.5227
0.5735
0.3024
0.2754
0.3544
0.5742
0.2969
0.6802
0.8226000000000001
0.8087000000000001
0.6349
0.5527000000000001
0.44200000000000006
0.5161
0.5143
0.3502
0.5865
0.2963
0.3591
0.6039
0.2774
0.5147
0.5478000000000001
0.65
0.4964
0.331
0.3274
0.35240000000000005
0.2736
0.6167
0.3211
0.4418
0.6966
0.3106
0.34600000000000003
0.6542
0.375
0.5426
0.2723
0.3948
0.5402
0.5
0.41700000000000004
0.4203
0.44189999999999996
0.34259999999999996
0.5285
0.6436000000000001
0.5474
0.3038
0.39880000000000004
0.4509
0.6
0.5700000000000001
0.4877
0.2612
0.3565
0.4132
0.5632
0.4769
0.29460000000000003
0.6253000000000001
0.6185
0.5723
0.5323
0.41250000000000003
0.2775
0.33770000000000006
0.4369
0.4658
0.434
0.39280000000000004
0.5285
0.4897
0.3281
0.5556
0.4558
0.3139
0.6029
0.3216
0.2954
0.3446
0.42340000000000005
0.6142000000000001
0.557
0.48740000000000006
0.2984
0.6256
0.6208
0.3975
0.47000000000000003
0.6115
0.63
0.4947
0.3846
0.6204999999999999
0.544
0.29960000000000003
0.39549999999999996
0.5304
0.2913
0.381
0.637
0.4773
0.3611
0.2808
0.47659999999999997
0.8471
0.7475
0.6856
0.6524
0.5770000000000001
0.39420000000000005
0.25260000000000005
0.4954
0.6648000000000001
0.4204
0.4021
0.26280000000000003
0.4778
0.4158
0.5085000000000001
0.6470999999999999
0.25870000000000004
0.5935
0.4146
0.5147
0.30960000000000004
0.5314
0.7106
0.4512
0.604
0.6377
0.3462
0.7731
0.8269
0.8015000000000001
0.5979
0.2745
0.2989
0.4532
0.45049999999999996
0.5356000000000001
0.2731
0.2724
0.322
0.5339
0.386
0.4173
0.2525
0.2658
0.312
0.31510000000000005
0.2698
0.4143
0.4416
0.4954
0.2957
0.37340000000000007
0.3421
0.4595
0.8542000000000001
0.27340000000000003
0.449
0.6245
0.5866
0.4388
0.4551
0.2846
0.4938
0.3093
0.6779999999999999
0.5025000000000001
0.3165
0.5436
0.5426
0.48810000000000003
0.4118
0.4635
0.3056
0.6104999999999999
0.39590000000000003
0.5177
0.5845
0.4651
0.5776
0.5978
0.58
0.4143
0.4061
0.5579999999999999
0.5288
0.5034000000000001
0.3504
0.25
0.6035
0.5186999999999999
0.34520000000000006
0.4286
0.2845
0.5953
0.4404
0.5294
0.3282
0.534
0.4676
0.59
0.2927
0.3464
0.3859
0.5592
0.383
0.4704
0.3248
0.6683
0.3683
0.40090000000000003
0.6194
0.2762
0.3636
0.41409999999999997
0.7433
0.297
0.7996
0.3972
0.6584000000000001
0.3333
0.3879
0.5761000000000001
0.524
0.2532
0.36210000000000003
0.6302000000000001
0.5745
0.5833
0.2975
0.43590000000000007
0.7120000000000001
0.6528
0.42210000000000003
0.547
0.4275
0.509
0.5606
0.3973
0.39670000000000005
0.5941
0.3273
0.455
0.2793
0.30100000000000005
0.2604
0.5714
0.6195
0.6409999999999999
0.5282
0.29059999999999997
0.3945
0.359
0.3311
0.32170000000000004
0.6295000000000001
0.6303
0.6231
0.4783
0.39630000000000004
0.34659999999999996
0.6769
0.5325
0.38280000000000003
0.6631999999999999
0.3045
0.41850000000000004
0.4526
0.321
0.446
0.5504
0.4495
0.4926
0.5247999999999999
0.4201
0.6056
0.4096
0.6388
0.4429
0.41409999999999997
0.7090000000000001
0.6384000000000001
0.39049999999999996
0.7647
0.7181000000000001
0.6322
0.5392
0.36119999999999997
0.2613
0.6088
0.33140000000000003
0.34409999999999996
0.3431
0.7826000000000001
0.29410000000000003
0.5770000000000001
0.35450000000000004
0.3588
0.4929
0.4819
0.5761000000000001
0.4205
0.41020000000000006
0.6264000000000001
0.2782
0.3284
0.4536
0.5457
0.5291
0.5394
0.5403
0.3249
0.37840000000000007
0.43560000000000004
0.6421
0.5766
0.4857
0.5196000000000001
0.725
0.7931
0.6061
0.6504000000000001
0.8667
0.6308
0.7023999999999999
0.75
0.5278
0.6328
0.7049
0.6439
0.6359
0.5826
0.6328
0.5972999999999999
0.6614
0.3744
0.4269
0.5438000000000001
0.449
0.5172
0.642
0.4216
0.2784
0.34149999999999997
0.6677
0.45299999999999996
0.44439999999999996
0.4413
0.3172
0.3682
0.2892
0.3239
0.3241
0.3371
0.5524
0.3243
0.33590000000000003
0.44810000000000005
0.4911
0.2754
0.4304
0.4167
0.33990000000000004
0.5684
0.4301
0.49460000000000004
0.5819
0.3284
0.3172
0.5099
0.4268
0.5164
0.75
0.2945
0.44189999999999996
0.35590000000000005
0.5361
0.4486
0.5385
0.4586
0.3701
0.3866
0.3036
0.3582
0.40909999999999996
0.312
0.4035
0.4658
0.3864
0.4465
0.3078
0.49710000000000004
0.539
0.2845
0.2952
0.35710000000000003
0.5313
0.3296
0.287
0.5684
0.6234000000000001
0.4104
0.4313
0.3605
0.5
0.8325
0.3618
0.3013
0.3578
0.36719999999999997
0.40850000000000003
0.44
0.43590000000000007
0.49570000000000003
0.3737
0.2886
0.31420000000000003
0.27530000000000004
0.5974
0.3617
0.768
0.2528
0.3394
0.5706
0.27
0.4335
0.3143
0.5238
0.381
0.43100000000000005
0.34450000000000003
0.6575
0.7045
0.4853
0.2663
0.37
0.5128
0.3711
0.34130000000000005
0.6332
0.3811
0.7823000000000001
0.3851
0.6505
0.5494
0.3533
0.6346
0.45990000000000003
0.5
0.364
0.34850000000000003
0.4706
0.2958
0.3651
0.3603
0.488
0.7288
0.6429
0.5
0.396
0.5309
0.3699
0.329
0.4958
0.5909000000000001
0.3543
0.5213
0.3186
0.3739
0.3833
0.44770000000000004
0.45
0.35600000000000004
0.31010000000000004
0.4094
0.4071
0.3804
0.4643
0.4585
0.5654
0.5625
0.4786
0.27940000000000004
0.5341
0.7547
0.6198
0.3197
0.5827
0.5819
0.35960000000000003
0.6883
0.4816
0.32130000000000003
0.5135000000000001
0.47630000000000006
0.34909999999999997
0.4925
0.40659999999999996
0.4758
0.3369
0.6803
0.616
0.46390000000000003
0.5434
0.4156
0.4693
0.4333
0.4543
0.6873
0.6313000000000001
0.4979
0.5492
0.4111
0.3753
0.5327000000000001
0.38200000000000006
0.311
0.2571
0.6086
0.383
0.4852
0.37920000000000004
0.3361
0.6526000000000001
0.2647
0.5926
0.3525
0.5422
0.4413
0.4118
0.4416
0.25620000000000004
0.46520000000000006
0.39380000000000004
0.289
0.6
0.4651
0.46799999999999997
0.3095
0.5667
0.7626999999999999
0.7208
0.8529000000000001
0.5874
0.2751
0.7997
0.3182
0.3411
0.43479999999999996
0.276
0.3972
0.3797
0.2865
0.2784
0.3276
0.28690000000000004
0.2816
0.3103
0.6307
0.32380000000000003
0.3138
0.4366
0.44810000000000005
0.6615000000000001
0.2563
0.48369999999999996
0.5870000000000001
0.4177
0.4083
0.55
0.5993
0.6052000000000001
0.44270000000000004
0.4004
0.38170000000000004
0.5899
0.6076
0.4251
0.5299
0.34740000000000004
0.2903
0.4678
0.46909999999999996
0.318
0.3376
0.2767
0.3924
0.3333
0.42310000000000003
0.2547
0.3735
0.5155
0.5373
0.40149999999999997
0.3762
0.6239
0.5345000000000001
0.5814
0.6083
0.4814
0.5702
0.7339
0.8108
0.5652
0.41759999999999997
0.46649999999999997
0.479
0.38810000000000006
0.3705
0.4728
0.402
0.3578
0.5532
0.2532
0.4167
0.2715
0.4167
0.2994
0.4006
0.4919
0.3025
0.4282
0.4343
0.444
0.29410000000000003
0.3968
0.4929
0.6034
0.6455
0.35710000000000003
0.2545
0.603
0.6294
0.3582
0.6127
0.6262
0.5441
0.7395999999999999
0.3617
0.3625
0.5068
0.41240000000000004
0.4596
0.3006
0.3125
0.7048000000000001
0.42460000000000003
0.5643
0.4328
0.2918
0.3523
0.4472
0.3496
0.33770000000000006
0.31670000000000004
0.4048
0.564
0.3874
0.5792
0.3922
0.375
0.263
0.3387
0.3729
0.49700000000000005
0.3929
0.3015
0.5455
0.3505
0.6277
0.4351
0.3056
0.3208
0.5397
0.3034
0.3935
0.3296
0.4389
0.5115999999999999
0.4121
0.3301
0.5263
0.2925
0.4915
0.46549999999999997
0.3053
0.2934
0.5217
0.5695
0.4568
0.6432
0.3368
0.34130000000000005
0.3986
0.6376
0.5546
0.45409999999999995
0.7279000000000001
0.6278
0.4841
0.3786
0.30469999999999997
0.2683
0.3261
0.5243
0.7778
0.341
0.3091
0.3833
0.3755
0.5143
0.3642
0.3226
0.6127
0.35960000000000003
0.7613
0.4305
0.4949
0.39659999999999995
0.5344
0.5876
0.28190000000000004
0.47630000000000006
0.4524
0.3793
0.5132
0.7467
0.8271
0.5842
0.3857
0.25
0.2582
0.2862
0.4722
0.4892
0.4242
0.6382
0.284
0.5075000000000001
0.6454000000000001
0.6478
0.3273
0.6339
0.41619999999999996
0.37020000000000003
0.2786
0.2759
0.3832
0.383
0.35200000000000004
0.38810000000000006
0.3382
0.5615
0.3724
0.5714
0.4557
0.3676
0.4718
0.5775
0.7097
0.7565000000000001
0.6
0.5577000000000001
0.518
0.5133
0.303
0.5253
0.5802
0.5661
0.7721
0.7692
0.741
0.25
0.3851
0.31870000000000004
0.6243
0.4593
0.5810000000000001
0.4933
0.38079999999999997
0.5049
0.375
0.5596
0.3395
0.3045
0.4229
0.42
0.4476
0.47130000000000005
0.2958
0.3204
0.4823
0.3333
0.4972
0.6264000000000001
0.49420000000000003
0.42350000000000004
0.42619999999999997
0.3006
0.2638
0.3719
0.5797
0.6467
0.3668
0.5920000000000001
0.25
0.39490000000000003
0.6221
0.5682
0.6825
0.7292000000000001
0.5141
0.5418000000000001
0.4082
0.3247
0.3207
0.375
0.36960000000000004
0.4706
0.7778
0.7143
0.6102000000000001
0.6198
0.621
0.3506
0.5789
0.6198
0.4615
0.6695000000000001
0.7197
0.7027
0.5278
0.5766
0.39049999999999996
0.5245000000000001
0.6319
0.6772
0.47409999999999997
0.6536
0.6423000000000001
0.7869
0.691
0.4587
0.7787000000000001
0.6940999999999999
0.5333
0.7143
0.6948000000000001
0.6263000000000001
0.7692
0.7687
0.5211
0.554
0.6642
0.5876
0.3958
0.573
0.5832
0.284
0.5767
0.4529
0.42310000000000003
0.49119999999999997
0.3333
0.3793
0.5314
0.5687
0.6161
0.5536
0.6163000000000001
0.4757
0.4625
0.5573
0.3121
0.48
0.2812
0.6023
0.31760000000000005
0.5579999999999999
0.2736
0.3458
0.33020000000000005
0.5749000000000001
0.6391
0.3492
0.31870000000000004
0.5281
0.5165
0.26420000000000005
0.3761
0.3121
0.4411
0.41240000000000004
0.48700000000000004
0.31320000000000003
0.39530000000000004
0.4241
0.5349
0.446
0.41500000000000004
0.4692
0.3395
0.4523
0.2569
0.2616
0.3375
0.5565
0.6051
0.5178
0.39130000000000004
0.4286
0.47450000000000003
0.42950000000000005
0.4107
0.4662
0.3
0.3716
0.6142000000000001
0.2595
0.4893
0.6458
0.5646
0.331
0.2837
0.3624
0.5556
0.4031
0.37840000000000007
0.4789
0.6703
0.5647
0.5797
0.5915
0.5368
0.2531
0.318
0.444
0.28500000000000003
0.6811
0.6961
0.2863
0.4889
0.5765
0.3714
0.578
0.3676
0.2721
0.26789999999999997
0.5714
0.5695
0.6325000000000001
0.3333
0.3972
0.44930000000000003
0.6965000000000001
0.3608
0.4217
0.4646
0.6453
0.6052000000000001
0.4926
0.3931
0.48310000000000003
0.3743
0.3654
0.5837
0.3462
0.5479999999999999
0.4057
0.5636
0.4112
0.5732
0.36560000000000004
0.507
0.30770000000000003
0.629
0.5019
0.5307999999999999
0.32310000000000005
0.5644
0.396
0.5305
0.5734
0.6897
0.4343
0.3547
0.45280000000000004
0.6302000000000001
0.4891
0.429
0.4863
0.4576
0.3043
0.3617
0.5243
0.4
0.4161
0.6729
0.2876
0.3889
0.5569
0.547
0.6054
0.3947
0.2987
0.4103
0.28850000000000003
0.31620000000000004
0.5202
0.33909999999999996
0.6368
0.3932
0.4526
0.3489
0.6339
0.3616
0.47270000000000006
0.5710000000000001
0.41759999999999997
0.3982
0.39840000000000003
0.4107
0.6211
0.2863
0.4667
0.4416
0.6328
0.29410000000000003
0.5359
0.3922
0.5366
0.2893
0.2934
0.6245
0.3333
0.7283
0.5985
0.4765
0.5694
0.5295000000000001
0.36590000000000006
0.4954
0.5523
0.46630000000000005
0.7833
0.3602
0.4521
0.5282
0.2584
0.36810000000000004
0.3165
0.47130000000000005
0.5792
0.5726
0.467
0.38920000000000005
0.4615
0.3333
0.3333
0.2857
0.2676
0.5777
0.7387
0.6962999999999999
0.6685
0.6759999999999999
0.49100000000000005
0.49520000000000003
0.711
0.5307999999999999
0.4964
0.7331000000000001
0.8
0.5094
0.6209
0.7368000000000001
0.4667
0.5385
0.7705
0.47619999999999996
0.6193
0.7705
0.6667000000000001
0.5531
0.4286
0.5784
0.6111
0.5441
0.37979999999999997
0.583
0.5
0.6691
0.6349
0.43320000000000003
0.5667
0.29710000000000003
0.3
0.35159999999999997
0.3862
0.28800000000000003
0.5351
0.2803
0.3042
0.379
0.6021
0.4754
0.7167
0.6923
0.5333
0.474
0.6016
0.6007
0.5372
0.5728
0.5435
0.3119
0.3498
0.5
0.44229999999999997
0.3825
0.2629
0.2929
0.2874
0.5437
0.4576
0.4455
0.2928
0.265
0.3297
0.4247
0.4631
0.5539000000000001
0.35960000000000003
0.46590000000000004
0.5561
0.3603
0.3033
0.6486
0.5717
0.5876
0.3467
0.41500000000000004
0.44930000000000003
0.4626
0.5169
0.5532
0.3468
0.342
0.5448
0.5431
0.5055
0.3129
0.8249
0.5787
0.2545
0.3641
0.5505
0.6357
0.4926
0.42460000000000003
0.3636
0.4057
0.6085
0.3829
0.49820000000000003
0.5597
0.6426999999999999
0.39130000000000004
0.31420000000000003
0.3308
0.5835
0.2889
0.3532
0.40770000000000006
0.34909999999999997
0.5135000000000001
0.3617
0.26890000000000003
0.4667
0.5672
0.5535
0.2635
0.4786
0.5993
0.5948
0.5738000000000001
0.4875
0.4855
0.3641
0.3981
0.3567
0.3925
0.3947
0.3627
0.5453
0.6984
0.6389
0.3617
0.3287
0.8261000000000001
0.4035
0.3713
0.3125
0.32060000000000005
0.3091
0.3
0.309
0.5276
0.4415
0.5466
0.3019
0.35479999999999995
0.3221
0.2637
0.7598
0.6731
0.7591
0.5009
0.3273
0.3566
0.3008
0.5253
0.44680000000000003
0.4017
0.42310000000000003
0.5329
0.5902000000000001
0.4514
0.265
0.396
0.3462
0.31930000000000003
0.4673
0.6623
0.6629
0.4218
0.4329
0.38520000000000004
0.2833
0.4667
0.3832
0.2831
0.6959000000000001
0.2616
0.45020000000000004
0.5666
0.36460000000000004
0.483
0.4071
0.4926
0.2589
0.2936
0.4562
0.6066
0.2553
0.4607
0.25
0.6322
0.562
0.5265
0.6384000000000001
0.5111
0.7619
0.5657
0.6006
0.664
0.6923
0.5909000000000001
0.5126
0.26530000000000004
0.5710000000000001
0.4792
0.302
0.4797
0.5752
0.2928
0.5177
0.5224
0.2995
0.5104
0.3136
0.3173
0.2975
0.39130000000000004
0.35000000000000003
0.2615
0.29960000000000003
0.5697
0.2961
0.32560000000000006
0.5104
0.2805
0.3403
0.4497
0.5573
0.5784
0.6606000000000001
0.3116
0.6725
0.6383
0.4545
0.39590000000000003
0.3174
0.4448
0.5313
0.5667
0.4366
0.2798
0.4421
0.44329999999999997
0.2569
0.3147
0.6629
0.4415
0.39640000000000003
0.2532
0.5267000000000001
0.47200000000000003
0.31670000000000004
0.543
0.2978
0.4318
0.5951
0.5385
0.45130000000000003
0.2605
0.4933
0.5945
0.6425
0.4803
0.2706
0.2778
0.4475
0.4828
0.2914
0.45299999999999996
0.2664
0.2851
0.25
0.26670000000000005
0.2632
0.395
0.44670000000000004
0.2659
0.434
0.4214
0.5545
0.2635
0.4412
0.4651
0.523
0.3395
0.5297999999999999
0.3379
0.3714
0.5037
0.6373
0.3616
0.4771
0.5710000000000001
0.4158
0.3982
0.3944
0.4067
0.6104999999999999
0.2863
0.4644
0.4416
0.6299
0.3243
0.29410000000000003
0.5383
0.39659999999999995
0.5366
0.2893
0.2934
0.6226
0.3297
0.7283
0.6062
0.4698
0.5694
0.5344
0.36340000000000006
0.4953
0.5632
0.46630000000000005
0.7817000000000001
0.3897
0.4521
0.5258
0.2584
0.36810000000000004
0.2984
0.5773
0.47600000000000003
0.298
0.43310000000000004
0.5710000000000001
0.5168
0.5909000000000001
0.6981999999999999
0.664
0.6006
0.5758
0.7619
0.5111
0.6384000000000001
0.5265
0.5574
0.6027
0.25
0.4607
0.2553
0.6066
0.4562
0.3028
0.49369999999999997
0.3858
0.4773
0.36100000000000004
0.568
0.4475
0.2652
0.6959000000000001
0.2831
0.3832
0.4667
0.28750000000000003
0.38520000000000004
0.4304
0.42479999999999996
0.6629
0.6557
0.4662
0.31930000000000003
0.342
0.38920000000000005
0.2952
0.4514
0.5902000000000001
0.5296000000000001
0.42310000000000003
0.4017
0.4539
0.49770000000000003
0.3068
0.6167
0.36229999999999996
0.3309
0.5028
0.3119
0.348
0.25079999999999997
0.5
0.4521
0.3825
0.2629
0.2914
0.2874
0.5437
0.4576
0.4455
0.2948
0.2633
0.3297
0.4247
0.4633
0.5539000000000001
0.35960000000000003
0.46390000000000003
0.5584
0.3622
0.3033
0.6575
0.5684
0.5876
0.3467
0.41000000000000003
0.44930000000000003
0.4626
0.5169
0.5532
0.3423
0.342
0.5423
0.5431
0.49770000000000003
0.47200000000000003
0.8249
0.5787
0.2545
0.3689
0.5505
0.6383
0.4975
0.4272
0.3712
0.4057
0.6085
0.3832
0.49460000000000004
0.5597
0.645
0.39130000000000004
0.31260000000000004
0.3385
0.5822
0.2889
0.3532
0.41090000000000004
0.35850000000000004
0.5101
0.3617
0.269
0.4667
0.5689000000000001
0.5502
0.2658
0.4786
0.6007
0.5943
0.5820000000000001
0.4938
0.3146
0.4855
0.3641
0.5870000000000001
0.3936
0.3567
0.39020000000000005
0.40130000000000005
0.3611
0.5465
0.6984
0.6458
0.3354
0.5044
0.8261000000000001
0.3408
0.4035
0.32689999999999997
0.3125
0.32060000000000005
0.3091
0.3
0.2989
0.5264
0.44020000000000004
0.5418999999999999
0.33140000000000003
0.32630000000000003
0.2637
0.7587
0.6731
0.7591
0.5435
0.5728
0.5369
0.5975
0.6016
0.48009999999999997
0.55
0.6838
0.7167
0.4754
0.6021
0.3744
0.3024
0.2803
0.5351
0.28800000000000003
0.3862
0.36
0.3
0.29710000000000003
0.5750000000000001
0.4303
0.6349
0.6691
0.8108
0.5
0.5789
0.37979999999999997
0.5441
0.6111
0.5784
0.4228
0.5475
0.6667000000000001
0.7705
0.6124
0.47619999999999996
0.7705
0.5385
0.4667
0.7368000000000001
0.6209
0.5243
0.8
0.7331000000000001
0.5816
0.5775
0.7156
0.49520000000000003
0.4932
0.6759999999999999
0.67
0.6962999999999999
0.7417
0.5728
0.2676
0.2857
0.33039999999999997
0.3322
0.46340000000000003
0.3901
0.4631
0.5726
0.5792
0.47130000000000005
0.5204
0.5224
0.2995
0.5104
0.3136
0.3173
0.2909
0.413
0.3568
0.2615
0.3034
0.5677000000000001
0.2967
0.32560000000000006
0.5125
0.2857
0.2727
0.34490000000000004
0.4497
0.5537
0.5665
0.5871000000000001
0.6725
0.6383
0.436
0.39590000000000003
0.3241
0.44780000000000003
0.5313
0.439
0.2798
0.44420000000000004
0.44329999999999997
0.26730000000000004
0.38170000000000004
0.6629
0.4415
0.39640000000000003
0.2547
0.5344
0.3129
0.3194
0.5418000000000001
0.3034
0.43090000000000006
0.5951
0.5315
0.45130000000000003
0.2626
0.2605
0.4933
0.5968
0.2929
0.6369
0.48610000000000003
0.2706
0.2778
0.4475
0.4828
0.2914
0.4615
0.2707
0.2851
0.25
0.2834
0.2632
0.39659999999999995
0.44560000000000005
0.2659
0.43560000000000004
0.4214
0.5545
0.2635
0.44320000000000004
0.4651
0.523
0.3456
0.5297999999999999
0.3442
0.3714
0.5024000000000001
0.2604
0.6389
0.3616
0.4804
0.5710000000000001
0.41759999999999997
0.3982
0.39840000000000003
0.4087
0.6175
0.2863
0.4667
0.4437
0.6269
0.29410000000000003
0.5335
0.40090000000000003
0.5366
0.2956
0.2934
0.6204999999999999
0.3262
0.7304
0.6023
0.4732
0.5671
0.5295000000000001
0.36340000000000006
0.47000000000000003
0.5523
0.46630000000000005
0.78
0.3872
0.4521
0.5258
0.2584
0.36810000000000004
0.2984
0.5773
0.47600000000000003
0.302
0.4792
0.5710000000000001
0.31070000000000003
0.26530000000000004
0.5126
0.5909000000000001
0.6981999999999999
0.664
0.6006
0.5758
0.7619
0.5111
0.6384000000000001
0.5265
0.5574
0.6027
0.25
0.4607
0.2553
0.6066
0.45880000000000004
0.3182
0.4914
0.3858
0.483
0.36100000000000004
0.568
0.4475
0.2652
0.6959000000000001
0.2831
0.3832
0.4667
0.28750000000000003
0.38520000000000004
0.4278
0.4265
0.6517000000000001
0.6607999999999999
0.4685
0.31930000000000003
0.349
0.39409999999999995
0.2892
0.4514
0.5865
0.5329
0.42310000000000003
0.4017
0.44680000000000003
0.49770000000000003
0.3059
0.6167
0.36229999999999996
0.3309
0.5009
0.3119
0.3547
0.5
0.44229999999999997
0.3825
0.2629
0.2914
0.2874
0.5437
0.4576
0.4424
0.29410000000000003
0.265
0.3297
0.4247
0.4633
0.5539000000000001
0.35960000000000003
0.46590000000000004
0.5561
0.3622
0.3033
0.6575
0.5717
0.5903
0.3467
0.405
0.44930000000000003
0.4662
0.5186999999999999
0.5536
0.3423
0.342
0.5448
0.5431
0.5008
0.47200000000000003
0.3043
0.3125
0.8223
0.5787
0.25
0.3641
0.555
0.6357
0.4975
0.4254
0.3636
0.4057
0.6085
0.3797
0.49820000000000003
0.5597
0.6426999999999999
0.39130000000000004
0.26030000000000003
0.31829999999999997
0.32689999999999997
0.5879
0.2889
0.3636
0.40880000000000005
0.34909999999999997
0.5135000000000001
0.2731
0.4667
0.5654
0.5532
0.267
0.4786
0.6007
0.5943
0.5738000000000001
0.4875
0.3146
0.4855
0.3641
0.3961
0.3567
0.39020000000000005
0.4079
0.3611
0.5502
0.6984
0.6458
0.3287
0.5044
0.8261000000000001
0.3408
0.386
0.3713
0.3221
0.32060000000000005
0.2989
0.5242
0.4415
0.5466
0.33140000000000003
0.32630000000000003
0.2637
0.7587
0.6731
0.7591
0.5435
0.5728
0.5369
0.5993
0.6
0.4771
0.55
0.6923
0.7167
0.4754
0.6021
0.3716
0.3042
0.2803
0.5351
0.28800000000000003
0.3897
0.34380000000000005
0.3
0.29710000000000003
0.5750000000000001
0.43320000000000003
0.6349
0.6691
0.8108
0.5
0.583
0.37979999999999997
0.5441
0.6042000000000001
0.5784
0.4146
0.5531
0.6667000000000001
0.7705
0.618
0.47619999999999996
0.7705
0.5385
0.4667
0.7368000000000001
0.6209
0.5094
0.8
0.7331000000000001
0.4964
0.5775
0.7156
0.49520000000000003
0.48869999999999997
0.6759999999999999
0.6685
0.6962999999999999
0.7417
0.5752
0.2676
0.2857
0.3333
0.3337
0.4615
0.3956
0.4631
0.5726
0.5792
0.47130000000000005
0.4
0.5232
0.5224
0.3102
0.5104
0.3136
0.3173
0.2945
0.39130000000000004
0.355
0.2615
0.29960000000000003
0.5717
0.2956
0.32560000000000006
0.5146000000000001
0.284
0.34840000000000004
0.44380000000000003
0.5579
0.5718
0.5871000000000001
0.6725
0.6383
0.436
0.39590000000000003
0.33799999999999997
0.44780000000000003
0.5313
0.5667
0.439
0.2798
0.44420000000000004
0.44329999999999997
0.2569
0.3211
0.6629
0.4415
0.39640000000000003
0.2544
0.5318
0.3165
0.3194
0.543
0.3034
0.4289
0.5951
0.5385
0.45130000000000003
0.2525
0.2514
0.2605
0.4933
0.5948
0.6369
0.48610000000000003
0.2706
0.2727
0.4475
0.4828
0.2914
0.38689999999999997
0.2664
0.2851
0.2828
0.281
0.2632
0.39659999999999995
0.44560000000000005
0.2889
0.434
0.4214
0.5577000000000001
0.2605
0.4422
0.4651
0.5172
0.5297999999999999
0.3462
0.3714
0.5024000000000001
0.3553
0.2801
0.2604
0.30670000000000003
0.42110000000000003
0.3694
0.4227
0.2788
0.2634
0.4508
0.2715
0.29660000000000003
0.273
0.5851
0.46549999999999997
0.43100000000000005
0.2509
0.2663
0.6639
0.526
0.3106
0.47130000000000005
0.3651
0.35619999999999996
0.3644
0.438
0.39380000000000004
0.5042
0.4115
0.2821
0.5959000000000001
0.287
0.34520000000000006
0.45799999999999996
0.27
0.32909999999999995
0.488
0.36
0.7306
0.2577
0.4079
0.4329
0.5398
0.40299999999999997
0.4251
0.6351
0.2534
0.4242
0.3981
0.30160000000000003
0.4878
0.5257000000000001
0.3097
0.6072
0.3521
0.5065
0.43920000000000003
0.37070000000000003
0.5966
0.4965
0.5015999999999999
0.542
0.636
0.5139
0.6652
0.5672
0.40740000000000004
0.49810000000000004
0.5359
0.2516
0.5625
0.5758
0.2994
0.3215
0.4203
0.7361
0.7120000000000001
0.6713
0.5567000000000001
0.645
0.4518
0.48979999999999996
0.7742
0.7473000000000001
0.5909000000000001
0.7103
0.7519
0.5833
0.6667000000000001
0.8033
0.459
0.6931999999999999
0.8197
0.6846
0.5866
0.5798
0.6931999999999999
0.6
0.5191
0.47500000000000003
0.596
0.5417000000000001
0.8158
0.7273000000000001
0.6667000000000001
0.47759999999999997
0.675
0.3611
0.5412
0.2698
0.29600000000000004
0.4131
0.465
0.49
0.6497
0.627
0.2857
0.2755
0.4888
0.3801
0.6187
0.564
0.5484
0.5203
0.44070000000000004
0.33899999999999997
0.34140000000000004
0.5347999999999999
0.5984
0.6006
0.501
0.5888
0.5638000000000001
0.2804
0.3011
0.3455
0.2832
0.2675
0.25730000000000003
0.6362
0.2832
0.2827
0.28850000000000003
0.25
0.4746
0.4744
0.3719
0.3387
0.2593
0.5721
0.4681
0.29050000000000004
0.7861
0.7372
0.8015000000000001
0.5455
0.4511
0.2601
0.5115999999999999
0.47869999999999996
0.3457
0.6346
0.4308
0.5562
0.263
0.2593
0.4773
0.5941
0.5605
0.5421
0.5382
0.4936
0.5391
0.35710000000000003
0.3075
0.4708
0.6239
0.634
0.5875
0.4189
0.5425
0.6264000000000001
0.4415
0.5526
0.3611
0.5227
0.5820000000000001
0.76
0.3874
0.6404000000000001
0.3686
0.3724
0.2554
0.5271
0.5346000000000001
0.517
0.27940000000000004
0.5969
0.5517000000000001
0.3373
0.5758
0.3626
0.32280000000000003
0.5177
0.41740000000000005
0.4043
0.4117
0.34149999999999997
0.3195
0.6095
0.39590000000000003
0.3103
0.3473
0.3257
0.6136
0.3771
0.2762
0.2815
0.6309
0.3371
0.5747
0.5874
0.4633
0.3
0.593
0.5672
0.41960000000000003
0.4482
0.4815
0.6093999999999999
0.4888
0.6246
0.6081000000000001
0.3043
0.5652
0.2826
0.31980000000000003
0.29350000000000004
0.5931000000000001
0.7368000000000001
0.6667000000000001
0.5843
0.3068
0.5405
0.8261000000000001
0.5844
0.2937
0.37579999999999997
0.38280000000000003
0.44770000000000004
0.603
0.4526
0.41270000000000007
0.257
0.5246000000000001
0.47000000000000003
0.4825
0.6849
0.4779
0.6279
0.5397
0.3478
0.4683
0.6116
0.6463
0.6141
0.2547
0.3235
0.3736
0.5649000000000001
0.4293
0.3995
0.3864
0.4867
0.4902
0.43090000000000006
0.363
0.2832
0.4915
0.6685
0.2723
0.31329999999999997
0.3636
0.4133
0.3486
0.2661
0.7768
0.4476
0.659
0.29309999999999997
0.3691
0.6263000000000001
0.49119999999999997
0.795
0.39740000000000003
0.40340000000000004
0.5165
0.28600000000000003
0.4643
0.317
0.3081
0.7273000000000001
0.7765000000000001
0.5828
0.6026
0.4858
0.3182
0.32939999999999997
0.3494
0.6182
0.29710000000000003
0.5495
0.4104
0.4646
0.39490000000000003
0.6129
0.39530000000000004
0.5082
0.397
0.3889
0.5718
0.5065999999999999
0.4516
0.7021
0.34490000000000004
0.39390000000000003
0.3369
0.3177
0.675
0.6293
0.43090000000000006
0.365
0.2668
0.39890000000000003
0.5788000000000001
0.25680000000000003
0.6018
0.5679
0.6556000000000001
0.3986
0.4875
0.5806
0.5991
0.6168
0.5865
0.2842
0.3848
0.5474
0.4792
0.5994
0.6989
0.5552
0.47869999999999996
0.5
0.40399999999999997
0.5598
0.5095000000000001
0.43820000000000003
0.543
0.6119
0.5027
0.6741
0.2584
0.31420000000000003
0.3876
0.2637
0.5406000000000001
0.4322
0.25
0.45
0.4783
0.41409999999999997
0.4645
0.365
0.2818
0.3523
0.2886
0.6023
0.4549
0.3271
0.3519
0.4572
0.569
0.2883
0.3333
0.3105
0.3925
0.4916
0.32380000000000003
0.297
0.25
0.2891
0.7353000000000001
0.6818000000000001
0.6827
0.7247
0.2647
0.4326
0.2778
0.2821
0.2607
0.4718
0.47509999999999997
0.5135000000000001
0.3957
0.35259999999999997
0.4882
0.5079
0.5948
0.3986
0.2661
0.33590000000000003
0.4903
0.5817
0.3971
0.371
0.508
0.5343
0.42560000000000003
0.4619
0.36619999999999997
0.4483
0.5556
0.3382
0.4032
0.4112
0.47450000000000003
0.3154
0.5246999999999999
0.3421
0.4017
0.3467
0.3478
0.31579999999999997
0.4643
0.499
0.3924
0.31620000000000004
0.5
0.48490000000000005
0.3667
0.3472
0.38780000000000003
0.2522
0.3744
0.4621
0.3908
0.25
0.308
0.4764
0.5326
0.516
0.5385
0.337
0.2615
0.3651
0.49090000000000006
0.5167
0.3055
0.2701
0.5909000000000001
0.5432
0.2767
0.36729999999999996
0.49460000000000004
0.4529
0.25
0.25739999999999996
0.2698
0.264
0.3973
0.5192
0.3468
0.43320000000000003
0.3179
0.2849
0.25739999999999996
0.26739999999999997
0.5147999999999999
0.32060000000000005
0.4844
0.3636
0.3064
0.44439999999999996
0.4548
0.34880000000000005
0.5222
0.25
0.33770000000000006
0.4247
0.3429
0.2793
0.5074000000000001
0.2585
0.5411
0.4053
0.2834
0.4783
0.2956
0.3125
0.4
0.6344
0.3146
0.48450000000000004
0.2949
0.3627
0.4964
0.42840000000000006
0.5013000000000001
0.46909999999999996
0.36590000000000006
0.5577000000000001
0.2655
0.40850000000000003
0.3592
0.3713
0.5
0.4644
0.4579
0.35340000000000005
0.5956
0.3265
0.3086
0.25739999999999996
0.2883
0.4561
0.609
0.4537
0.3468
0.2755
0.358
0.2883
0.2754
0.2557
0.3801
0.3194
0.2613
0.3929
0.5135000000000001
0.2883
0.5232
0.5433
0.2824
0.36590000000000006
0.3432
0.3407
0.4071
0.4179
0.36229999999999996
0.40850000000000003
0.5264
0.5496
0.4476
0.2699
0.2939
0.3722
0.44880000000000003
0.5037
0.4955
0.4183
0.562
0.6333
0.41200000000000003
0.37060000000000004
0.3908
0.47619999999999996
0.5318
0.4569
0.55
0.5649000000000001
0.5899
0.45630000000000004
0.6639
0.5714
0.5128
0.635
0.467
0.5229
0.7033
0.6525
0.4396
0.3932
0.5475
0.4314
0.3589
0.3286
0.3897
0.38060000000000005
0.4251
0.3992
0.2917
0.40270000000000006
0.3048
0.5402
0.3382
0.5271
0.4675
0.26170000000000004
0.3889
0.4675
0.25989999999999996
0.25
0.49450000000000005
0.3315
0.3594
0.3736
0.6797
0.68
0.8107
0.2571
0.28800000000000003
0.7037000000000001
0.3957
0.6125
0.434
0.2957
0.5128
0.3085
0.43840000000000007
0.5387
0.4565
0.4434
0.2883
0.3318
0.2979
0.46799999999999997
0.3194
0.3468
0.5522
0.465
0.36090000000000005
0.3653
0.3
0.3642
0.3653
0.3053
0.3676
0.35159999999999997
0.332
0.41700000000000004
0.5049
0.27940000000000004
0.5049
0.2772
0.30260000000000004
0.27640000000000003
0.3154
0.3689
0.6667000000000001
0.386
0.3085
0.4401
0.4261
0.2883
0.5
0.4051
0.3222
0.5458
0.4615
0.3879
0.27640000000000003
0.375
0.46630000000000005
0.4011
0.2883
0.37079999999999996
0.2699
0.3492
0.5099
0.25620000000000004
0.4153
0.4615
0.4808
0.4286
0.4558
0.3719
0.3279
0.4205
0.2883
0.3865
0.2863
0.4267
0.52
0.40880000000000005
0.2883
0.3027
0.4103
0.4853
0.3947
0.5588000000000001
0.3658
0.3636
0.4539
0.3122
0.3091
0.2755
0.4508
0.2759
0.3144
0.3423
0.275
0.4143
0.3686
0.4446
0.3296
0.4093
0.3987
0.4
0.2806
0.4459
0.4807
0.3
0.4581
0.41979999999999995
0.34270000000000006
0.37460000000000004
0.3812
0.5455
0.252
0.2851
0.2552
0.3114
0.2994
0.3651
0.35380000000000006
0.2937
0.2883
0.41950000000000004
0.2683
0.2681
0.3105
0.44920000000000004
0.45299999999999996
0.46049999999999996
0.2883
0.3069
0.4214
0.31420000000000003
0.5556
0.31260000000000004
0.2883
0.2773
0.3958
0.5191
0.3793
0.4625
0.373
0.3214
0.3597
0.3
0.3995
0.34259999999999996
0.5568
0.3111
0.37950000000000006
0.44689999999999996
0.44689999999999996
0.43579999999999997
0.5766
0.5395000000000001
0.5352
0.46280000000000004
0.4459
0.48130000000000006
0.3493
0.2708
0.6513
0.5632
0.44700000000000006
0.3816
0.5203
0.2969
0.29660000000000003
0.37700000000000006
0.2763
0.6947
0.4905
0.8043000000000001
0.6258
0.7118000000000001
0.7843000000000001
0.2872
0.42590000000000006
0.33590000000000003
0.36590000000000006
0.3086
0.5672
0.4111
0.4265
0.3034
0.3787
0.35100000000000003
0.3899
0.44070000000000004
0.4343
0.32380000000000003
0.5616
0.2831
0.2888
0.5996
0.3462
0.7329000000000001
0.46390000000000003
0.5768
0.33630000000000004
0.3191
0.4276
0.25
0.4294
0.27
0.413
0.44420000000000004
0.5599000000000001
0.6022
0.6071
0.6515000000000001
0.2986
0.3014
0.6101
0.4446
0.5115999999999999
0.5313
0.5085000000000001
0.5401
0.37210000000000004
0.3667
0.35840000000000005
0.46890000000000004
0.33039999999999997
0.4369
0.33130000000000004
0.4783
0.4951
0.2813
0.4107
0.2857
0.3489
0.3811
0.42700000000000005
0.3298
0.5561
0.2569
0.5108
0.5109
0.3191
0.49670000000000003
0.4238
0.3069
0.603
0.2901
0.4805
0.40770000000000006
0.3448
0.4353
0.4496
0.2536
0.27890000000000004
0.3177
0.35850000000000004
0.3333
0.28809999999999997
0.2556
0.4466
0.4604
0.3884
0.3333
0.4798
0.34909999999999997
0.315
0.33390000000000003
0.2733
0.2798
0.358
0.526
0.2713
0.39520000000000005
0.47990000000000005
0.4313
0.354
0.2872
0.4083
0.3753
0.3012
0.46130000000000004
0.33039999999999997
0.3237
0.2774
0.42240000000000005
0.4035
0.45670000000000005
0.3019
0.42110000000000003
0.33049999999999996
0.3229
0.387
0.542
0.3139
0.34409999999999996
0.5
0.438
0.4276
0.2712
0.2824
0.4886
0.4781
0.5342
0.25
0.3633
0.5629
0.6059
0.5122
0.5277000000000001
0.6792
0.4335
0.31579999999999997
0.4902
0.3103
0.4847
0.3212
0.3811
0.3701
0.46990000000000004
0.255
0.3161
0.5368
0.3889
0.6889000000000001
0.409
0.3
0.3012
0.33909999999999996
0.406
0.36340000000000006
0.5526
0.3095
0.4682
0.6218
0.4068
0.44200000000000006
0.38780000000000003
0.2515
0.3469
0.2899
0.5069
0.3393
0.5394
0.3622
0.5443
0.3403
0.3208
0.3289
0.40409999999999996
0.3102
0.3859
0.4673
0.4876
0.38
0.2616
0.4633
0.385
0.2887
0.4543
0.5143
0.3788
0.3832
0.3015
0.5768
0.35350000000000004
0.4253
0.5814
0.39909999999999995
0.35990000000000005
0.3846
0.316
0.5113000000000001
0.2887
0.3068
0.25170000000000003
0.3018
0.2695
0.3333
0.2606
0.2691
0.3106
0.3566
0.3368
0.2743
0.2902
0.32909999999999995
0.3611
0.5418999999999999
0.2908
0.3333
0.2979
0.29660000000000003
0.3129
0.3094
0.3605
0.3425
0.455
0.4181
0.46280000000000004
0.3333
0.43560000000000004
0.3862
0.25579999999999997
0.36810000000000004
0.5099
0.6175
0.4484
0.38670000000000004
0.5408
0.2938
0.5051
0.3885
0.4043
0.2923
0.2877
0.2772
0.37460000000000004
0.5339
0.4601
0.3931
0.4294
0.2938
0.3369
0.5205
0.4387
0.337
0.47259999999999996
0.3418
0.4232
0.272
0.375
0.2889
0.29410000000000003
0.6133
0.5625
0.381
0.43100000000000005
0.2963
0.42110000000000003
0.2924
0.461
0.3114
0.4167
0.2609
0.32909999999999995
0.433
0.35850000000000004
0.4556
0.5092
0.26890000000000003
0.3579
0.6365
0.3184
0.3575
0.45020000000000004
0.4241
0.2961
0.4515
0.4177
0.3601
0.4815
0.5074000000000001
0.5294
0.4924
0.5126
0.7339
0.4853
0.428
0.3714
0.46990000000000004
0.5034000000000001
0.5742
0.49570000000000003
0.48310000000000003
0.5468999999999999
0.7541
0.6395000000000001
0.44439999999999996
0.7049
0.561
0.5299
0.3204
0.7426
0.5313
0.7361
0.6797
0.4434
0.4888
0.5138
0.5258
0.2545
0.5197
0.5313
0.3873
0.45740000000000003
0.2606
0.399
0.5695
0.5694
0.2867
0.3065
0.4717
0.4777
0.3679
0.5957
0.35100000000000003
0.2959
0.4189
0.6232
0.5211
0.7448
0.28440000000000004
0.2963
0.3146
0.31760000000000005
0.2846
0.37579999999999997
0.2973
0.2661
0.2626
0.3975
0.255
0.26730000000000004
0.3254
0.5577000000000001
0.4498
0.3774
0.47130000000000005
0.2554
0.3264
0.3
0.2851
0.3321
0.4219
0.3194
0.6348
0.3048
0.5047
0.4012
0.30510000000000004
0.4792
0.49450000000000005
0.3629
0.255
0.255
0.31579999999999997
0.35000000000000003
0.2606
0.27090000000000003
0.4268
0.33799999999999997
0.39130000000000004
0.295
0.3791
0.354
0.5536
0.3423
0.3788
0.2707
0.3468
0.52
0.7132
0.3448
0.9062000000000001
0.8570000000000001
0.7933
0.6202000000000001
0.5197
0.638
0.3172
0.7685
0.7640000000000001
0.7487
0.6246
0.7070000000000001
0.8483
0.7778
0.4929
0.7349
0.8684000000000001
0.7347
0.6355
0.6039
0.6945
0.6667000000000001
0.8181999999999999
0.2857
0.7445999999999999
0.7809
0.7908
0.623
0.721
0.7154
0.7563
0.8296
0.6744
0.6164000000000001
0.5802
0.6688
0.6587999999999999
0.39380000000000004
0.3918
0.501
0.2745
0.5433
0.29410000000000003
0.369
0.4292
0.4189
0.41590000000000005
0.6745
0.5906
0.7595999999999999
0.8644
0.7642
0.4867
0.7302
0.7951
0.7044
0.6557
0.6272
0.3465
0.2662
0.3924
0.6147
0.75
0.6897
0.6108
0.454
0.6334000000000001
0.4955
0.292
0.2738
0.3442
0.5468000000000001
0.2933
0.6598
0.7814
0.7027
0.545
0.4351
0.6927
0.6512000000000001
0.42729999999999996
0.9167000000000001
0.7593000000000001
0.5708
0.7604000000000001
0.8711
0.9425
0.8029999999999999
0.8067000000000001
0.9275
0.8022
0.8
0.9508
0.6937000000000001
0.8268000000000001
0.9016
0.9104000000000001
0.7445999999999999
0.7807
0.7706000000000001
0.7315
0.8654000000000001
0.45020000000000004
0.6573000000000001
0.8406
0.9189
0.8871
0.876
0.8659
0.8264
0.7956000000000001
0.7987000000000001
0.7378
0.5885
0.6171
0.2735
0.2799
0.512
0.42110000000000003
0.7543000000000001
0.8109000000000001
0.7574
0.8634999999999999
0.7698
0.38520000000000004
0.5081
0.7704000000000001
0.8431000000000001
0.785
0.6385000000000001
0.8832
0.8009000000000001
0.5882000000000001
0.7193
0.7299
0.7441
0.9568000000000001
0.8581000000000001
0.9055
0.675
0.5818
0.7212000000000001
0.7007
0.6773
0.4989
0.5603
0.7201000000000001
0.6770999999999999
0.7254
0.6301
0.6997
0.88
0.7479000000000001
0.8023
0.75
0.5426
0.7062999999999999
0.31579999999999997
0.6979000000000001
0.693
0.3834
0.3929
0.546
0.701
0.6275000000000001
0.7101000000000001
0.4252
0.6863
0.6104999999999999
0.8148000000000001
0.7336
0.6154000000000001
0.588
0.28750000000000003
0.7408
0.608
0.3483
0.8822
0.2887
0.5185000000000001
0.2721
0.39130000000000004
0.3013
0.6959000000000001
0.9
0.6443000000000001
0.5877
0.6718000000000001
0.327
0.35710000000000003
0.6636
0.7815000000000001
0.2697
0.4118
0.5706
0.5395000000000001
0.8156
0.6526000000000001
0.4965
0.5568
0.6912
0.3482
0.5223
0.8964
0.745
0.8724
0.8200000000000001
0.5
0.7212000000000001
0.6607999999999999
0.5683
0.3059
0.7836
0.2716
0.7375
0.7674
0.32560000000000006
0.2921
0.2605
0.6025
0.7071
0.8740000000000001
0.4575
0.7140000000000001
0.26280000000000003
0.7173
0.6631
0.2639
0.5797
0.7269
0.6283
0.7589
0.4087
0.7143
0.8898999999999999
0.8826999999999999
0.8344
0.6833
0.6936
0.85
0.2625
0.6119
0.6823
0.6325999999999999
0.6667000000000001
0.7199
0.3181
0.7781
0.6993
0.8220000000000001
0.6435
0.5886
0.6889000000000001
0.9277
0.7123999999999999
0.5433
0.5305
0.37829999999999997
0.5763
0.5316
0.6029
0.5878
0.5856
0.878
0.5135000000000001
0.5819
0.5133
0.5976
0.4375
0.5511
0.6979000000000001
0.6511
0.6613
0.5606
0.6631999999999999
0.6876000000000001
0.275
0.5473
0.7853
0.9434
0.6907
0.6617000000000001
0.7590000000000001
0.6544
0.40280000000000005
0.7564000000000001
0.7665000000000001
0.6559
0.7565999999999999
0.9375
0.3109
0.483
0.4706
0.2813
0.924
0.8584
0.7301000000000001
0.6703
0.7048000000000001
0.6
0.6425
0.9174
0.31370000000000003
0.7473000000000001
0.7552
0.7701000000000001
0.8231999999999999
0.767
0.33840000000000003
0.8250000000000001
0.6434000000000001
0.7286
0.5824
0.6613
0.7379000000000001
0.8445999999999999
0.6331
0.6122
0.8083
0.5286
0.5468000000000001
0.6
0.7358
0.6279
0.2514
0.7783
0.8527
0.802
0.7783
0.3736
0.4046
0.4568
0.35240000000000005
0.33640000000000003
0.38689999999999997
0.4201
0.4043
0.40159999999999996
0.4344
0.375
0.3556
0.3862
0.41590000000000005
0.6667000000000001
0.9211
0.7348
0.8645999999999999
0.7256999999999999
0.725
0.7453000000000001
0.7123
0.5506000000000001
0.7973
0.7511
0.2932
0.8409000000000001
0.863
0.6898000000000001
0.8513
0.4964
0.8573999999999999
0.7558
0.7448
0.7143
0.6885
0.7347
0.3197
0.4823
0.5769
0.5035000000000001
0.5946
0.5404
0.5246000000000001
0.5632
0.5429
0.375
0.26920000000000005
0.31510000000000005
0.321
0.7122
0.7487
0.9068
0.7667
0.8864000000000001
0.6812
0.8581000000000001
0.287
0.6667000000000001
0.9670000000000001
0.8542000000000001
0.7299
0.7633
0.75
0.7169
0.8883
0.5702
0.875
0.7034
0.6879000000000001
0.8204000000000001
0.7927
0.9026000000000001
0.42110000000000003
0.6517000000000001
0.6481
0.7961
0.7302
0.7182
0.7421
0.7923
0.7313
0.6
0.875
0.6378
0.6011
0.7781
0.6597
0.2615
0.7965000000000001
0.6014
0.7031000000000001
0.6870999999999999
0.6866
0.6423000000000001
0.6559
0.6633
0.5987
0.5771000000000001
0.7197
0.7320000000000001
0.8106
0.5418999999999999
0.4111
0.26420000000000005
0.30260000000000004
0.5226
0.3871
0.5621
0.6804000000000001
0.4007
0.6609999999999999
0.7319
0.6542
0.6667000000000001
0.2732
0.36479999999999996
0.4238
0.2745
0.4545
0.3248
0.3465
0.2702
0.5894
0.7787999999999999
0.47130000000000005
0.2745
0.485
0.3382
0.5605
0.6192000000000001
0.4928
0.3858
0.4318
0.4368
0.2777
0.3642
0.5736
0.6522
0.4742
0.8207
0.6861
0.2842
0.7453000000000001
0.9098
0.8947
0.7685
0.6677
0.6439
0.6993
0.5674
0.7429000000000001
0.66
0.8438
0.766
0.7148000000000001
0.6923
0.7065
0.31079999999999997
0.3038
0.2683
0.7439
0.6152000000000001
0.3457
0.5357000000000001
0.6114
0.6486
0.52
0.3613
0.5559000000000001
0.3556
0.6417
0.2664
0.47759999999999997
0.4219
0.37920000000000004
0.2742
0.4194
0.2539
0.6736
0.696
0.7175
0.4523
0.30100000000000005
0.6127
0.3134
0.35710000000000003
0.5055
0.2893
0.2767
0.5326
0.6257
0.5565
0.595
0.39640000000000003
0.5885
0.6545000000000001
0.44079999999999997
0.5653
0.5877
0.612
0.537
0.3191
0.4118
0.4169
0.6327
0.3063
0.6364
0.5851
0.5321
0.5473
0.45780000000000004
0.3429
0.413
0.506
0.6659
0.32520000000000004
0.40270000000000006
0.5457
0.5475
0.2727
0.3912
0.36719999999999997
0.42119999999999996
0.2821
0.49060000000000004
0.48310000000000003
0.3188
0.4536
0.627
0.43560000000000004
0.4023
0.2593
0.7547
0.3114
0.3788
0.6818000000000001
0.41950000000000004
0.2888
0.5211
0.31620000000000004
0.28850000000000003
0.2934
0.4509
0.4051
0.7775
0.3986
0.6583
0.2571
0.3614
0.6494
0.387
0.32299999999999995
0.5536
0.375
0.41840000000000005
0.44670000000000004
0.40299999999999997
0.7134999999999999
0.2828
0.5468999999999999
0.39590000000000003
0.256
0.574
0.6406999999999999
0.29460000000000003
0.5733
0.42060000000000003
0.26539999999999997
0.3858
0.4925
0.5779
0.29510000000000003
0.326
0.5773
0.6093000000000001
0.6197
0.5207
0.3444
0.5963
0.4122
0.41159999999999997
0.5224
0.3309
0.3182
0.493
0.3886
0.5818
0.3033
0.4036
0.41100000000000003
0.5015999999999999
0.4255
0.278
0.75
0.6364
0.322
0.5556
0.5336
0.5114
0.3619
0.3333
0.4033
0.6167
0.41950000000000004
0.6639
0.7273000000000001
0.6757
0.625
0.6305
0.4757
0.54
0.5282
0.6199
0.3763
0.5773
0.5196000000000001
0.4852
0.33130000000000004
0.4414
0.8125
0.3824
0.5
0.5201
0.4675
0.5767
0.3041
0.5899
0.4545
0.4802
0.3229
0.4436
0.674
0.6557
0.6598999999999999
0.6973999999999999
0.49570000000000003
0.6278
0.6385000000000001
0.7541
0.7273000000000001
0.5472
0.7131000000000001
0.5814
0.6333
0.7537
0.6681999999999999
0.633
0.8043000000000001
0.7509
0.43479999999999996
0.5479999999999999
0.6537999999999999
0.5938
0.3558
0.42729999999999996
0.6539
0.5
0.4524
0.5795
0.5389
0.3396
0.2545
0.6033
0.304
0.45549999999999996
0.46270000000000006
0.6916
0.30770000000000003
0.5860000000000001
0.5504
0.276
0.8052
0.37229999999999996
0.2683
0.7759999999999999
0.8013
0.7591
0.25780000000000003
0.45020000000000004
0.48
0.4706
0.3652
0.631
0.37840000000000007
0.6066
0.4851
0.31829999999999997
0.41130000000000005
0.5497
0.4748
0.2863
0.5333
0.46890000000000004
0.4068
0.45740000000000003
0.5966
0.3547
0.5387
0.306
0.35479999999999995
0.3091
0.4061
0.5509000000000001
0.3605
0.3223
0.513
0.48840000000000006
0.6101
0.3058
0.6112
0.4338
0.3533
0.3262
0.5643
0.4354
0.5534
0.2755
0.3858
0.46399999999999997
0.6797
0.3429
0.6327
0.2896
0.2943
0.5675
0.3285
0.3015
0.4632
0.44930000000000003
0.26789999999999997
0.33049999999999996
0.5806
0.3617
0.256
0.4315
0.47130000000000005
0.3926
0.4748
0.443
0.38549999999999995
0.3769
0.48460000000000003
0.32909999999999995
0.3333
0.623
0.5608
0.4065
0.47100000000000003
0.5747
0.3043
0.3181
0.2893
0.5586
0.3711
0.5185000000000001
0.7626000000000001
0.55
0.6278
0.5333
0.4737
0.2672
0.5901
0.5690999999999999
0.38430000000000003
0.6311
0.3688
0.6276
0.5175
0.38780000000000003
0.28250000000000003
0.3582
0.3421
0.5225
0.6018
0.4903
0.506
0.32549999999999996
0.30469999999999997
0.2871
0.6145
0.2877
0.3833
0.5943
0.5599000000000001
0.3893
0.3486
0.3973
0.6212
0.35600000000000004
0.6207
0.26739999999999997
0.5761000000000001
0.7581
0.8636
0.554
0.3785
0.39
0.45670000000000005
0.3312
0.6759999999999999
0.344
0.6504000000000001
0.5495
0.4291
0.4579
0.2791
0.8615
0.3065
0.3846
0.46740000000000004
0.4396
0.4351
0.7137000000000001
0.5235000000000001
0.5575
0.2693
0.5455
0.5132
